1000 56 244711 435705 
1001 24 42079 174170 
1002 17 53348 298342 
1003 48 63287 130116 
1004 37 71829 189242 
1005 43 46373 106724 
1006 32 45043 140391 
1007 40 41791 104381 
1008 30 24596 80079 
1009 23 5262 22439 
1010 29 5586 19162 
1011 23 35448 149280 
1012 38 21124 55318 
1013 31 15156 47944 
1014 26 19014 72961 
1015 26 8061 30227 
1016 33 7098 21220 
1017 33 19385 57113 
1018 35 10549 29670 
1019 29 11804 40574 
1020 32 5727 17553 
1021 45 1797 3975 
1022 34 864 2502 
1023 33 3769 11092 
1024 35 1005 2814 
1025 24 493 2037 
1026 27 6219 22441 
1027 36 2358 6460 
1028 44 15530 34768 
1029 28 5619 19857 
1030 24 458 1877 
1031 34 1320 3779 
1032 42 8144 19241 
1033 35 1613 4601 
1034 40 1282 3181 
1035 36 9605 26188 
1036 28 3738 13062 
1037 38 2988 7862 
1038 38 4008 10417 
1039 31 3544 11365 
1040 40 1981 4850 
1041 33 3129 9318 
1042 31 11137 35900 
1043 35 990 2753 
1044 29 950 3224 
1045 62 9208 14835 
1046 48 16883 34750 
1047 46 6127 13101 
1048 28 629 2177 
1049 29 969 3283 
1050 52 26545 50100 
1051 57 4711 8253 
1052 39 340 864 
1053 46 1509 3270 
1054 30 3999 12991 
1055 29 301 1022 
1056 47 6675 13964 
1057 47 1220 2582 
1058 30 512 1692 
1059 2 965 39566 
1060 45 2188 4812 
1061 21 25503 120772 
1062 30 15546 51777 
1063 46 3588 7761 
1064 21 10940 52006 
1065 43 10440 24204 
1066 41 3116 7531 
1067 33 14627 43094 
1068 58 16099 27380 
1069 47 698 1462 
1070 19 151 760 
1071 45 574 1271 
1072 25 331 1319 
1073 28 227 786 
1074 28 296 1022 
1075 28 219 758 
1076 20 213 1038 
1077 43 14625 33820 
1078 38 591 1530 
1079 37 1574 4244 
1080 55 11158 19979 
1081 30 301 1000 
1082 48 2991 6195 
1083 33 10899 32639 
1084 44 1897 4252 
1085 39 1458 3723 
1086 38 344 896 
1087 34 6142 17795 
1088 38 38676 101648 
1089 39 3385 8536 
1090 33 1163 3495 
1091 31 3332 10721 
1092 37 515 1374 
1093 27 695 2553 
1094 35 12777 36318 
1095 57 4253 7451 
1096 35 578 1646 
1097 37 336 906 
1098 28 185 660 
1099 39 1717 4386 
1100 19 633 3179 
1101 30 3406 11074 
1102 40 6665 16629 
1103 42 662 1547 
1104 40 445 1102 
1105 52 1070 2042 
1106 53 2878 5413 
1107 50 2853 5698 
1108 54 176 323 
1109 32 103 315 
1110 47 223 470 
1111 58 5483 9304 
1112 26 2172 8099 
1113 34 13221 38719 
1114 44 390 871 
1115 27 92 334 
1116 33 302 909 
1117 25 1033 4032 
1118 31 8139 25980 
1119 24 574 2302 
1120 47 1272 2688 
1121 35 161 458 
1122 31 1027 3273 
1123 33 147 434 
1124 26 130 482 
1125 55 20946 37661 
1126 44 2518 5675 
1127 45 2178 4762 
1128 34 1961 5603 
1129 50 8261 16339 
1130 36 1091 2970 
1131 54 4048 7412 
1132 47 1935 4042 
1133 18 168 916 
1134 47 181 385 
1135 25 3005 11973 
1136 21 89 408 
1137 32 499 1530 
1138 13 130 948 
1139 31 346 1109 
1140 39 1423 3630 
1141 28 9570 33062 
1142 34 4766 13989 
1143 41 1605 3885 
1144 45 6764 14892 
1145 24 2074 8451 
1146 59 4160 7003 
1147 39 2396 6043 
1148 41 388 932 
1149 45 10011 21874 
1150 30 1646 5377 
1151 37 8892 23899 
1152 25 2360 9243 
1153 24 243 1012 
1154 44 4032 9011 
1155 55 3063 5519 
1156 29 2020 6799 
1157 46 10166 21994 
1158 41 3103 7408 
1159 34 22587 64716 
1160 54 10991 20352 
1161 47 3858 8099 
1162 32 153 467 
1163 60 31468 52111 
1164 56 4468 7952 
1165 41 861 2058 
1166 41 7327 17827 
1167 27 1766 6441 
1168 29 282 947 
1169 50 640 1259 
1170 42 2230 5309 
1171 27 3381 12332 
1172 22 277 1234 
1173 35 361 1006 
1174 29 759 2547 
1175 38 735 1931 
1176 33 1570 4684 
1177 52 6858 12966 
1178 47 1596 3387 
1179 42 2530 5925 
1180 45 1944 4234 
1181 31 220 694 
1182 29 23509 78903 
1183 35 5674 15855 
1184 21 1690 7995 
1185 38 11484 29687 
1186 34 2557 7400 
1187 37 895 2411 
1188 54 758 1403 
1189 30 2589 8362 
1190 35 7381 20763 
1191 35 5569 15698 
1192 53 1633 3028 
1193 19 959 4958 
1194 23 103 442 
1195 46 9668 20917 
1196 36 164 454 
1197 26 136 522 
1198 34 1517 4386 
1199 19 115 576 
1200 27 8426 30474 
1201 38 10782 27979 
1202 18 134 726 
1203 25 122 488 
1204 37 4466 11865 
1205 56 590 1051 
1206 27 169 624 
1207 31 18801 59124 
1208 42 2889 6729 
1209 14 97 675 
1210 11 30 268 
1211 33 194 580 
1212 30 90 291 
1213 53 177 332 
1214 38 369 956 
1215 31 203 636 
1216 58 167 287 
1217 40 462 1129 
1218 61 17655 28491 
1219 21 238 1112 
1220 45 2558 5618 
1221 48 2805 5729 
1222 64 7649 11943 
1223 32 98 302 
1224 25 97 378 
1225 22 32 143 
1226 35 5184 14717 
1227 32 204 622 
1228 27 4034 14431 
1229 33 366 1083 
1230 30 3450 11203 
1231 41 662 1610 
1232 22 53 234 
1233 17 83 488 
1234 46 533 1149 
1235 36 120 326 
1236 39 7881 20006 
1237 60 497 818 
1238 34 267 767 
1239 37 1303 3499 
1240 61 1527 2479 
1241 60 541 888 
1242 48 208 432 
1243 64 1688 2599 
1244 57 719 1241 
1245 37 479 1294 
1246 28 93 321 
1247 64 4913 7572 
1248 53 1751 3296 
1249 27 104 382 
1250 53 4595 8607 
1251 47 13329 28307 
1252 42 1784 4181 
1253 15 65 428 
1254 45 1013 2221 
1255 38 189 494 
1256 39 8579 21653 
1257 33 128 382 
1258 41 25915 62627 
1259 27 372 1361 
1260 51 4934 9658 
1261 14 113 784 
1262 42 315 733 
1263 40 517 1281 
1264 39 467 1173 
1265 42 3027 7054 
1266 38 334 876 
1267 23 205 866 
1268 18 42 223 
1269 43 7333 17049 
1270 40 2144 5245 
1271 24 388 1583 
1272 21 84 387 
1273 38 30804 79041 
1274 44 11801 26612 
1275 38 3371 8739 
1276 36 13571 37440 
1277 47 274 581 
1278 27 136 491 
1279 39 3324 8409 
1280 39 158 401 
1281 35 1077 3049 
1282 12 334 2599 
1283 44 989 2231 
1284 59 2798 4733 
1285 33 611 1800 
1286 41 3634 8759 
1287 53 6810 12693 
1288 33 144 424 
1289 34 574 1649 
1290 56 217 383 
1291 43 476 1102 
1292 25 557 2172 
1293 38 550 1420 
1294 27 125 457 
1295 43 152 349 
1296 42 137 324 
1297 37 641 1701 
1298 54 14364 26521 
1299 34 1449 4228 
1300 40 1194 2934 
1301 36 137 372 
1302 63 357 558 
1303 40 117 290 
1304 34 292 837 
1305 58 954 1628 
1306 46 4437 9611 
1307 39 207 527 
1308 33 11705 34582 
1309 40 870 2137 
1310 32 173 535 
1311 28 104 365 
1312 56 643 1130 
1313 50 1172 2300 
1314 37 705 1895 
1315 64 1544 2410 
1316 55 13659 24407 
1317 60 2118 3482 
1318 47 4587 9603 
1319 45 768 1695 
1320 56 1703 3037 
1321 48 25443 52658 
1322 25 2796 10785 
1323 48 5424 11278 
1324 23 4131 17502 
1325 42 6759 15771 
1326 41 6128 14742 
1327 59 332 561 
1328 22 20958 93992 
1329 42 1673 3977 
1330 50 15943 31304 
1331 51 3079 5928 
1332 43 704 1633 
1333 28 55 190 
1334 40 173 429 
1335 26 128 490 
1336 35 261 736 
1337 33 413 1215 
1338 43 11054 25154 
1339 31 256 810 
1340 34 226 664 
1341 22 172 760 
1342 28 110 387 
1343 27 163 591 
1344 56 259 462 
1345 9 5 52 
1346 17 16 94 
1347 21 68 323 
1348 15 275 1810 
1349 42 426 1001 
1350 30 3426 11129 
1351 48 695 1430 
1352 28 147 512 
1353 62 318 505 
1354 52 848 1604 
1355 14 161 1103 
1356 46 249 532 
1357 33 49 147 
1358 34 119 346 
1359 34 158 464 
1360 9 27 278 
1361 16 27 160 
1362 55 370 666 
1363 38 13808 35579 
1364 35 4984 14047 
1365 45 1980 4342 
1366 26 234 874 
1367 29 179 607 
1368 20 144 687 
1369 25 125 483 
1370 36 190 521 
1371 33 277 824 
1372 26 94 355 
1373 12 131 1046 
1374 31 172 538 
1375 30 1422 4717 
1376 33 2666 8066 
1377 22 229 1012 
1378 48 179 368 
1379 29 3083 10291 
1380 26 1147 4334 
1381 34 229 656 
1382 36 225 614 
1383 37 1817 4896 
1384 48 5983 12408 
1385 33 1131 3347 
1386 33 4431 13189 
1387 24 267 1103 
1388 64 303 471 
1389 51 1937 3745 
1390 41 2412 5855 
1391 31 410 1292 
1392 52 647 1229 
1393 35 35 100 
1394 32 381 1163 
1395 11 252 2105 
1396 23 521 2172 
1397 45 88 193 
1398 50 511 1014 
1399 43 149 340 
1400 31 544 1750 
1401 61 10176 16512 
1402 3 91 2460 
1403 21 164 763 
1404 48 2148 4421 
1405 37 2862 7582 
1406 61 908 1475 
1407 33 150 443 
1408 62 1473 2372 
1409 37 345 927 
1410 26 4071 15605 
1411 38 4435 11485 
1412 18 88 474 
1413 25 58 230 
1414 73 670 911 
1415 31 195 624 
1416 54 3536 6532 
1417 32 1271 3889 
1418 40 432 1070 
1419 46 2511 5372 
1420 48 398 824 
1421 22 86 385 
1422 59 5178 8666 
1423 31 9084 28575 
1424 22 82 360 
1425 51 131 254 
1426 41 14849 35531 
1427 32 58 176 
1428 13 38 279 
1429 25 268 1048 
1430 39 764 1923 
1431 41 95 229 
1432 39 700 1755 
1433 49 245 494 
1434 32 1364 4141 
1435 46 124 265 
1436 36 2091 5742 
1437 16 99 606 
1438 32 310 958 
1439 42 65 153 
1440 46 178 380 
1441 21 74 344 
1442 40 5611 13768 
1443 24 66 266 
1444 23 198 832 
1445 20 37 185 
1446 23 121 519 
1447 27 56 201 
1448 32 109 337 
1449 37 71 189 
1450 49 4731 9655 
1451 35 1446 4068 
1452 21 25 118 
1453 28 221 774 
1454 43 1236 2865 
1455 67 5126 7552 
1456 45 6252 13837 
1457 30 197 642 
1458 41 23233 55812 
1459 51 15154 29219 
1460 31 351 1119 
1461 38 186 481 
1462 22 183 826 
1463 46 4078 8710 
1464 11 45 381 
1465 22 1780 7912 
1466 44 5817 13129 
1467 45 50 110 
1468 51 1754 3403 
1469 38 9542 24501 
1470 31 6696 21147 
1471 36 749 2026 
1472 34 801 2322 
1473 43 934 2150 
1474 44 1924 4346 
1475 34 2188 6314 
1476 51 381 739 
1477 39 9000 22962 
1478 30 186 603 
1479 26 34 127 
1480 35 485 1355 
1481 40 416 1024 
1482 39 586 1476 
1483 26 43 165 
1484 38 1668 4361 
1485 37 1198 3185 
1486 39 1875 4795 
1487 26 445 1664 
1488 51 5613 10803 
1489 28 301 1071 
1490 19 63 319 
1491 55 2785 5020 
1492 57 416 719 
1493 61 2288 3729 
1494 38 164 427 
1495 37 163 434 
1496 56 2907 5151 
1497 51 112 217 
1498 20 50 242 
1499 30 44 146 
1500 18 34 183 
1501 37 522 1376 
1502 61 6458 10513 
1503 38 13616 34997 
1504 53 10097 18757 
1505 31 2832 9074 
1506 16 197 1179 
1507 37 172 453 
1508 19 181 938 
1509 56 2580 4538 
1510 25 46 178 
1511 33 9898 29637 
1512 33 51 152 
1513 43 471 1093 
1514 34 227 656 
1515 51 540 1043 
1516 42 42 100 
1517 58 11706 20149 
1518 46 189 408 
1519 33 8924 26707 
1520 47 1336 2840 
1521 36 3136 8605 
1522 52 314 602 
1523 45 4321 9585 
1524 57 183 318 
1525 64 138 215 
1526 34 134 389 
1527 68 101 148 
1528 45 6021 13162 
1529 52 258 492 
1530 50 228 451 
1531 0 2 810 
1532 15 132 852 
1533 13 55 396 
1534 18 34 185 
1535 21 181 848 
1536 13 33 237 
1537 33 257 756 
1538 57 158 277 
1539 44 259 580 
1540 12 27 218 
1541 30 64 208 
1542 19 64 333 
1543 51 8207 15886 
1544 32 122 378 
1545 42 174 409 
1546 44 2144 4785 
1547 56 4808 8510 
1548 46 2026 4375 
1549 25 179 716 
1550 52 169 325 
1551 44 139 314 
1552 56 13045 23136 
1553 23 55 232 
1554 39 83 209 
1555 32 1810 5578 
1556 38 3529 9221 
1557 60 143 235 
1558 52 148 284 
1559 43 127 292 
1560 41 46 112 
1561 27 125 451 
1562 52 10161 19209 
1563 47 946 1994 
1564 51 4162 8151 
1565 63 7128 11191 
1566 62 509 819 
1567 37 41 109 
1568 47 672 1404 
1569 55 671 1202 
1570 52 176 334 
1571 38 118 310 
1572 45 680 1495 
1573 48 7031 14636 
1574 55 345 625 
1575 55 2736 4913 
1576 48 179 372 
1577 53 3015 5591 
1578 47 347 733 
1579 50 10020 19927 
1580 50 2117 4166 
1581 67 2172 3203 
1582 14 68 468 
1583 30 571 1852 
1584 32 2336 7202 
1585 22 95 428 
1586 15 636 4031 
1587 19 31 163 
1588 36 264 720 
1589 33 942 2837 
1590 33 1453 4285 
1591 53 571 1064 
1592 23 84 353 
1593 19 48 246 
1594 43 51 116 
1595 38 4462 11717 
1596 28 36 127 
1597 46 2610 5588 
1598 34 1526 4458 
1599 38 211 555 
1600 27 80 292 
1601 35 245 690 
1602 19 206 1049 
1603 45 1465 3212 
1604 52 4933 9382 
1605 25 34 136 
1606 57 2982 5158 
1607 42 3711 8659 
1608 11 188 1589 
1609 38 2346 6027 
1610 48 528 1088 
1611 48 20768 43064 
1612 36 254 692 
1613 31 323 1030 
1614 21 65 303 
1615 15 80 518 
1616 33 134 399 
1617 62 1659 2661 
1618 44 480 1088 
1619 46 335 717 
1620 49 392 790 
1621 48 259 539 
1622 46 219 466 
1623 39 206 521 
1624 51 396 766 
1625 27 2892 10576 
1626 22 69 307 
1627 13 91 695 
1628 30 184 603 
1629 50 707 1389 
1630 27 27 97 
1631 54 8079 14909 
1632 38 887 2282 
1633 47 253 531 
1634 41 1216 2961 
1635 41 3367 8070 
1636 42 1342 3144 
1637 42 4258 10083 
1638 19 117 598 
1639 36 3999 11030 
1640 34 181 519 
1641 31 53 169 
1642 38 606 1576 
1643 38 74 191 
1644 33 616 1846 
1645 51 115 223 
1646 45 219 483 
1647 23 439 1849 
1648 30 397 1281 
1649 29 216 733 
1650 33 1942 5767 
1651 62 6858 10979 
1652 36 151 413 
1653 37 135 362 
1654 27 5665 20809 
1655 42 6312 14838 
1656 64 7370 11411 
1657 33 9212 27257 
1658 61 11380 18542 
1659 41 4250 10171 
1660 40 478 1187 
1661 33 4211 12689 
1662 29 250 834 
1663 54 7672 14136 
1664 61 21806 35229 
1665 62 3601 5727 
1666 65 2749 4213 
1667 22 166 737 
1668 25 55 214 
1669 29 186 640 
1670 24 48 193 
1671 55 1029 1861 
1672 49 239 481 
1673 40 1468 3638 
1674 53 5243 9783 
1675 24 1101 4449 
1676 37 701 1863 
1677 20 687 3355 
1678 38 892 2295 
1679 36 11897 32734 
1680 61 292 477 
1681 47 3421 7192 
1682 50 385 765 
1683 32 403 1257 
1684 25 296 1156 
1685 50 312 621 
1686 34 1406 4056 
1687 45 659 1453 
1688 41 197 471 
1689 46 115 245 
1690 37 1345 3564 
1691 49 1957 3972 
1692 64 1929 2971 
1693 51 604 1167 
1694 45 1678 3678 
1695 49 1187 2402 
1696 62 2968 4744 
1697 36 249 675 
1698 40 3059 7485 
1699 38 2498 6420 
1700 37 6384 16881 
1701 22 1268 5618 
1702 47 2032 4235 
1703 30 14820 48055 
1704 32 3658 11085 
1705 29 86 296 
1706 20 928 4490 
1707 47 420 880 
1708 34 543 1589 
1709 28 282 993 
1710 38 267 694 
1711 18 33 182 
1712 33 137 415 
1713 34 143 410 
1714 30 112 362 
1715 28 715 2510 
1716 42 6442 15239 
1717 33 2335 7063 
1718 40 298 733 
1719 36 1664 4550 
1720 34 268 777 
1721 51 1041 2024 
1722 44 800 1800 
1723 34 3334 9776 
1724 35 5931 16603 
1725 52 138 263 
1726 30 180 596 
1727 35 581 1631 
1728 33 648 1959 
1729 26 409 1546 
1730 23 4203 18259 
1731 59 6655 11132 
1732 32 1265 3903 
1733 38 3821 9890 
1734 38 2758 7242 
1735 38 335 877 
1736 40 303 754 
1737 48 1654 3396 
1738 28 1069 3757 
1739 46 1983 4242 
1740 54 3354 6146 
1741 33 8359 25069 
1742 33 13363 39413 
1743 33 10507 31511 
1744 32 830 2521 
1745 35 4565 12767 
1746 18 40 219 
1747 58 496 854 
1748 39 106 268 
1749 40 174 431 
1750 27 1065 3860 
1751 29 5094 17404 
1752 36 346 953 
1753 42 20455 47979 
1754 33 380 1122 
1755 26 1970 7380 
1756 42 96 228 
1757 37 383 1019 
1758 38 154 395 
1759 42 1061 2508 
1760 36 936 2566 
1761 34 492 1434 
1762 39 37 94 
1763 31 668 2088 
1764 6 103 1507 
1765 21 491 2242 
1766 39 65 164 
1767 31 159 510 
1768 25 206 816 
1769 40 1859 4565 
1770 34 688 2008 
1771 33 555 1666 
1772 18 128 689 
1773 33 114 340 
1774 27 155 570 
1775 32 4563 13870 
1776 28 743 2602 
1777 38 364 956 
1778 36 355 964 
1779 41 96 229 
1780 35 934 2649 
1781 52 2016 3875 
1782 31 1527 4903 
1783 31 154 491 
1784 58 772 1318 
1785 27 2893 10508 
1786 37 900 2371 
1787 31 1428 4517 
1788 41 918 2215 
1789 39 11720 30006 
1790 36 264 714 
1791 56 368 654 
1792 41 186 447 
1793 33 115 342 
1794 36 643 1761 
1795 17 472 2647 
1796 37 144 386 
1797 26 10761 40911 
1798 23 69 293 
1799 45 6465 14141 
1800 21 190 864 
1801 27 63 233 
1802 14 40 279 
1803 14 136 961 
1804 51 5804 11271 
1805 24 161 666 
1806 45 1103 2402 
1807 31 44 140 
1808 33 563 1663 
1809 38 704 1849 
1810 16 166 1008 
1811 26 9621 36009 
1812 21 113 534 
1813 28 176 612 
1814 6 26 379 
1815 27 3080 11073 
1816 26 1471 5558 
1817 48 141 292 
1818 39 355 893 
1819 24 413 1694 
1820 0 22 2324 
1821 31 1667 5240 
1822 41 138 334 
1823 43 1242 2859 
1824 34 77 225 
1825 28 142 503 
1826 30 632 2104 
1827 38 392 1009 
1828 33 3043 9151 
1829 27 64 237 
1830 40 3750 9324 
1831 31 245 786 
1832 32 430 1311 
1833 38 7820 20433 
1834 12 90 709 
1835 42 2805 6542 
1836 32 5786 17597 
1837 62 9662 15380 
1838 36 877 2389 
1839 16 48 296 
1840 49 8379 17080 
1841 17 98 559 
1842 22 40 174 
1843 16 20 124 
1844 65 7171 10926 
1845 24 5916 23774 
1846 30 107 351 
1847 37 6276 16872 
1848 35 1375 3914 
1849 53 915 1723 
1850 47 4807 10040 
1851 22 155 682 
1852 41 8507 20557 
1853 25 489 1910 
1854 29 308 1061 
1855 34 585 1678 
1856 35 1153 3246 
1857 34 327 958 
1858 29 97 329 
1859 38 536 1385 
1860 38 12481 32730 
1861 40 6997 17392 
1862 44 8166 18186 
1863 11 112 981 
1864 12 18 145 
1865 53 82 153 
1866 28 99 353 
1867 27 104 379 
1868 50 714 1419 
1869 45 120 265 
1870 41 740 1774 
1871 6 22 355 
1872 32 330 1006 
1873 27 1924 6912 
1874 28 536 1866 
1875 25 61 237 
1876 31 112 359 
1877 29 1946 6602 
1878 25 362 1413 
1879 59 509 856 
1880 28 257 908 
1881 22 19 85 
1882 34 547 1569 
1883 12 28 228 
1884 9 40 435 
1885 34 326 944 
1886 23 366 1527 
1887 36 6839 18635 
1888 42 557 1300 
1889 10 53 485 
1890 54 241 445 
1891 11 35 307 
1892 1 3 174 
1893 18 78 428 
1894 37 786 2122 
1895 25 213 823 
1896 35 531 1511 
1897 27 102 370 
1898 23 215 934 
1899 26 649 2487 
1900 27 240 872 
1901 23 422 1780 
1902 18 57 307 
1903 37 488 1313 
1904 37 3532 9539 
1905 26 4798 17936 
1906 45 2036 4479 
1907 35 607 1701 
1908 11 37 322 
1909 49 809 1636 
1910 10 26 242 
1911 17 75 440 
1912 20 556 2710 
1913 18 100 540 
1914 24 759 3151 
1915 47 12864 27227 
1916 33 346 1040 
1917 49 1166 2353 
1918 28 501 1740 
1919 15 52 341 
1920 44 1081 2410 
1921 20 63 312 
1922 39 9245 23114 
1923 32 867 2656 
1924 19 425 2235 
1925 20 1475 7281 
1926 26 1106 4133 
1927 50 795 1590 
1928 41 3273 7940 
1929 51 624 1215 
1930 33 1139 3412 
1931 40 421 1034 
1932 28 1125 3910 
1933 32 95 289 
1934 26 899 3434 
1935 40 752 1875 
1936 41 14220 34035 
1937 24 82 331 
1938 39 300 757 
1939 43 1861 4261 
1940 62 840 1339 
1941 41 1974 4761 
1942 24 6604 26459 
1943 35 308 864 
1944 29 1408 4714 
1945 24 1402 5677 
1946 55 1641 2941 
1947 46 5692 12276 
1948 32 2764 8455 
1949 47 2929 6216 
1950 37 2207 5899 
1951 24 1775 7104 
1952 35 3699 10556 
1953 48 8774 18033 
1954 12 37 307 
1955 50 342 683 
1956 24 49 201 
1957 33 129 390 
1958 64 1880 2908 
1959 57 783 1355 
1960 23 111 476 
1961 48 9181 18881 
1962 36 1514 4198 
1963 20 87 423 
1964 39 2126 5356 
1965 26 397 1471 
1966 46 2274 4915 
1967 13 113 813 
1968 34 290 840 
1969 58 5568 9514 
1970 25 1705 6685 
1971 34 2294 6577 
1972 61 880 1428 
1973 43 500 1160 
1974 22 1075 4813 
1975 51 1953 3771 
1976 54 1589 2942 
1977 33 664 2005 
1978 57 2388 4146 
1979 54 20658 38069 
1980 39 1794 4543 
1981 35 2932 8224 
1982 40 90 220 
1983 41 138 334 
1984 35 2575 7193 
1985 48 2769 5673 
1986 35 5252 14929 
1987 36 938 2593 
1988 34 9119 26079 
1989 59 3436 5787 
1990 45 3872 8547 
1991 43 550 1256 
1992 33 693 2089 
1993 45 332 727 
1994 22 21 94 
1995 60 5325 8780 
1996 42 319 747 
1997 43 503 1149 
1998 34 246 719 
1999 25 117 468 
2000 62 14867 23809 
2001 43 8575 19773 
2002 38 7980 20773 
2003 29 813 2796 
2004 30 1263 4161 
2005 27 620 2225 
2006 50 1030 2027 
2007 47 4490 9477 
2008 29 1295 4435 
2009 24 372 1537 
2010 29 3049 10473 
2011 44 167 375 
2012 16 35 211 
2013 59 8526 14352 
2014 69 2239 3220 
2015 44 540 1203 
2016 21 57 266 
2017 68 14395 20905 
2018 32 3722 11361 
2019 48 3632 7528 
2020 28 158 561 
2021 44 1673 3799 
2022 27 241 876 
2023 41 737 1795 
2024 32 42 131 
2025 22 59 257 
2026 48 162 336 
2027 65 18553 28236 
2028 54 3091 5642 
2029 65 2981 4586 
2030 34 772 2268 
2031 46 4847 10389 
2032 35 274 772 
2033 30 4306 14159 
2034 45 1801 3997 
2035 38 206 540 
2036 18 357 1890 
2037 19 95 490 
2038 50 1126 2243 
2039 67 6326 9391 
2040 36 223 618 
2041 61 1371 2240 
2042 45 1340 2919 
2043 40 413 1029 
2044 33 924 2750 
2045 51 438 853 
2046 45 894 1952 
2047 44 646 1446 
2048 24 252 1029 
2049 23 2375 9919 
2050 21 477 2191 
2051 48 5646 11608 
2052 23 258 1102 
2053 25 238 938 
2054 34 2710 7906 
2055 21 170 794 
2056 30 862 2789 
2057 41 1202 2875 
2058 39 119 305 
2059 62 888 1410 
2060 41 2950 7192 
2061 26 127 482 
2062 50 1150 2273 
2063 34 3917 11269 
2064 46 197 423 
2065 61 1454 2357 
2066 29 308 1030 
2067 45 93 206 
2068 56 1087 1927 
2069 24 1436 5764 
2070 56 5584 9941 
2071 30 127 421 
2072 19 37 186 
2073 34 107 307 
2074 31 1386 4469 
2075 38 2641 6774 
2076 18 62 327 
2077 22 48 211 
2078 52 2199 4182 
2079 30 2979 9930 
2080 35 5025 14191 
2081 43 10218 23582 
2082 50 2660 5239 
2083 45 4580 9979 
2084 49 4309 8751 
2085 44 1907 4297 
2086 44 325 735 
2087 36 77 212 
2088 22 317 1435 
2089 57 284 497 
2090 24 180 735 
2091 24 71 291 
2092 49 4332 8810 
2093 26 51 190 
2094 19 212 1108 
2095 21 36 169 
2096 48 3154 6473 
2097 30 24 80 
2098 15 124 794 
2099 7 41 519 
2100 24 1919 7699 
2101 54 1842 3352 
2102 29 222 760 
2103 22 245 1103 
2104 35 21535 61361 
2105 57 11646 20261 
2106 30 1447 4668 
2107 28 110 381 
2108 16 240 1487 
2109 49 13124 26270 
2110 32 1554 4807 
2111 37 785 2091 
2112 35 6637 18582 
2113 23 106 446 
2114 32 1019 3116 
2115 28 8385 29138 
2116 30 626 2051 
2117 32 1882 5867 
2118 44 515 1165 
2119 31 321 1017 
2120 40 59 145 
2121 39 2199 5589 
2122 43 278 638 
2123 13 35 264 
2124 24 211 861 
2125 32 2767 8556 
2126 51 1404 2740 
2127 26 3203 12297 
2128 38 1117 2939 
2129 39 124 315 
2130 9 41 420 
2131 23 555 2380 
2132 35 607 1722 
2133 26 484 1817 
2134 21 153 711 
2135 38 7040 18184 
2136 47 9659 20321 
2137 34 1127 3265 
2138 36 1590 4396 
2139 46 2934 6276 
2140 58 10812 18475 
2141 55 7325 13102 
2142 44 3272 7434 
2143 61 314 507 
2144 70 333 471 
2145 54 163 298 
2146 34 395 1151 
2147 40 109 270 
2148 30 258 835 
2149 35 144 402 
2150 31 62 194 
2151 42 3449 8084 
2152 54 902 1658 
2153 33 3897 11565 
2154 32 3545 10940 
2155 36 10934 29910 
2156 40 185 460 
2157 31 1261 4018 
2158 37 133 355 
2159 32 11640 35761 
2160 36 1497 4145 
2161 40 435 1079 
2162 18 166 891 
2163 44 1084 2453 
2164 24 166 665 
2165 36 496 1364 
2166 52 710 1347 
2167 24 620 2483 
2168 26 343 1284 
2169 27 288 1061 
2170 30 213 708 
2171 40 501 1249 
2172 31 413 1323 
2173 39 363 908 
2174 44 507 1144 
2175 25 1313 5054 
2176 36 589 1612 
2177 37 82 218 
2178 24 228 946 
2179 42 1006 2388 
2180 46 386 829 
2181 60 4636 7702 
2182 64 7815 12156 
2183 61 1844 3011 
2184 40 5783 14251 
2185 43 3993 9179 
2186 40 14656 35931 
2187 31 12193 39270 
2188 65 852 1304 
2189 46 646 1385 
2190 35 5786 16441 
2191 46 1126 2409 
2192 35 6715 18816 
2193 43 937 2171 
2194 52 645 1234 
2195 50 12003 23904 
2196 72 6114 8393 
2197 29 469 1576 
2198 35 101 287 
2199 43 405 933 
2200 41 337 808 
2201 39 1537 3862 
2202 19 156 784 
2203 51 86 167 
2204 27 134 485 
2205 34 238 685 
2206 35 277 784 
2207 11 62 532 
2208 33 1059 3191 
2209 54 4123 7612 
2210 31 871 2779 
2211 67 261 386 
2212 41 107 258 
2213 63 144 228 
2214 52 125 236 
2215 65 760 1156 
2216 26 65 243 
2217 40 639 1562 
2218 46 1219 2622 
2219 27 68 249 
2220 58 186 316 
2221 56 89 157 
2222 31 183 575 
2223 28 55 195 
2224 28 58 201 
2225 37 1269 3402 
2226 37 4088 11023 
2227 45 1557 3446 
2228 39 1097 2757 
2229 38 7987 20495 
2230 43 3689 8472 
2231 30 6903 22770 
2232 41 550 1334 
2233 29 166 567 
2234 58 6242 10687 
2235 18 63 343 
2236 41 13031 31328 
2237 15 67 443 
2238 27 148 533 
2239 45 4916 10914 
2240 42 10560 24932 
2241 55 1437 2589 
2242 58 5293 9022 
2243 56 8229 14682 
2244 68 2431 3528 
2245 63 4407 6977 
2246 61 1553 2535 
2247 46 5047 10827 
2248 53 2849 5300 
2249 30 6156 20070 
2250 42 3868 9051 
2251 38 14832 38927 
2252 52 380 726 
2253 31 16003 50405 
2254 33 497 1489 
2255 61 9727 15753 
2256 46 691 1488 
2257 48 481 1002 
2258 65 868 1326 
2259 34 1820 5326 
2260 63 4233 6709 
2261 62 736 1185 
2262 38 17885 46943 
2263 51 2497 4828 
2264 48 1132 2321 
2265 63 714 1125 
2266 34 339 995 
2267 30 503 1623 
2268 53 121 227 
2269 44 608 1352 
2270 48 197 408 
2271 33 2387 7192 
2272 47 2533 5283 
2273 64 1180 1839 
2274 21 869 4102 
2275 45 712 1565 
2276 56 455 802 
2277 16 63 381 
2278 31 57 179 
2279 49 592 1193 
2280 34 563 1631 
2281 23 141 607 
2282 51 2446 4766 
2283 26 741 2758 
2284 32 655 2045 
2285 44 206 466 
2286 33 2235 6616 
2287 30 4769 15420 
2288 26 2945 11278 
2289 33 2750 8174 
2290 24 256 1028 
2291 64 3495 5378 
2292 48 339 692 
2293 33 41 123 
2294 15 49 312 
2295 31 1148 3686 
2296 33 693 2064 
2297 36 94 261 
2298 27 88 319 
2299 37 24237 64897 
2300 29 78 266 
2301 48 9191 19129 
2302 48 561 1158 
2303 25 330 1306 
2304 61 2976 4862 
2305 42 2339 5479 
2306 29 84 288 
2307 30 84 280 
2308 21 355 1626 
2309 61 6360 10403 
2310 12 112 917 
2311 36 1731 4746 
2312 33 3092 9352 
2313 39 1556 3940 
2314 20 78 388 
2315 35 116 330 
2316 51 3372 6518 
2317 49 296 598 
2318 47 8013 16725 
2319 25 133 513 
2320 39 139 349 
2321 52 231 444 
2322 32 109 337 
2323 49 680 1364 
2324 46 73 157 
2325 46 1796 3836 
2326 57 240 415 
2327 57 198 347 
2328 34 5409 15458 
2329 31 1325 4262 
2330 48 357 735 
2331 28 723 2535 
2332 35 143 399 
2333 20 193 951 
2334 43 824 1894 
2335 32 193 592 
2336 50 2087 4159 
2337 25 3253 12577 
2338 24 236 955 
2339 58 2456 4222 
2340 41 303 724 
2341 31 250 806 
2342 57 5571 9715 
2343 33 141 421 
2344 49 109 222 
2345 45 321 703 
2346 66 2247 3394 
2347 20 165 818 
2348 41 4016 9791 
2349 30 7191 23425 
2350 51 8270 15907 
2351 28 728 2576 
2352 43 21599 50074 
2353 32 1639 5077 
2354 25 598 2392 
2355 35 1143 3261 
2356 43 3674 8458 
2357 51 302 591 
2358 45 578 1274 
2359 38 641 1685 
2360 24 53 217 
2361 37 888 2354 
2362 34 8584 25103 
2363 48 3814 7793 
2364 28 123 429 
2365 35 2603 7410 
2366 44 1115 2508 
2367 66 4074 6172 
2368 27 1082 3892 
2369 54 1783 3286 
2370 74 2553 3442 
2371 52 6087 11511 
2372 35 196 547 
2373 35 1769 5029 
2374 36 955 2626 
2375 26 1014 3849 
2376 24 6274 25280 
2377 40 6796 16705 
2378 61 3007 4901 
2379 26 1376 5266 
2380 29 600 2062 
2381 26 1481 5507 
2382 26 260 986 
2383 15 355 2329 
2384 41 362 867 
2385 48 6611 13564 
2386 49 18889 38023 
2387 34 20586 60482 
2388 57 25356 43968 
2389 51 7929 15465 
2390 59 9721 16227 
2391 21 4297 19945 
2392 47 5905 12412 
2393 50 6066 11983 
2394 36 2657 7227 
2395 39 7142 18081 
2396 37 3093 8286 
2397 38 683 1795 
2398 59 3693 6193 
2399 25 56 224 
2400 28 838 2967 
2401 9 22 241 
2402 38 1513 3965 
2403 63 4119 6483 
2404 40 1001 2498 
2405 65 4266 6497 
2406 41 21935 52658 
2407 50 7792 15382 
2408 28 1575 5510 
2409 67 4152 6191 
2410 32 725 2214 
2411 57 10404 18200 
2412 39 149 378 
2413 35 4419 12366 
2414 60 330 542 
2415 44 785 1767 
2416 38 82 214 
2417 44 3013 6821 
2418 38 9822 25575 
2419 39 2401 6123 
2420 45 3529 7773 
2421 43 11116 25431 
2422 20 98 478 
2423 22 45 201 
2424 31 942 2983 
2425 40 1707 4215 
2426 19 653 3325 
2427 40 372 923 
2428 37 66 175 
2429 18 3138 16990 
2430 38 1055 2748 
2431 28 5451 18864 
2432 36 312 860 
2433 40 468 1151 
2434 40 188 469 
2435 55 556 1007 
2436 47 2399 5022 
2437 45 1567 3415 
2438 15 725 4634 
2439 41 181 433 
2440 39 1461 3733 
2441 38 1999 5196 
2442 32 3332 10140 
2443 41 1455 3515 
2444 26 574 2150 
2445 33 328 991 
2446 31 6110 19370 
2447 22 845 3707 
2448 9 120 1226 
2449 27 8829 32313 
2450 16 56 332 
2451 36 3848 10539 
2452 26 2911 10895 
2453 59 5023 8396 
2454 25 1505 5915 
2455 29 3649 12516 
2456 47 7871 16446 
2457 42 2133 5077 
2458 43 820 1906 
2459 54 1358 2488 
2460 63 881 1384 
2461 41 295 703 
2462 29 249 841 
2463 43 670 1532 
2464 31 852 2675 
2465 35 884 2519 
2466 49 512 1033 
2467 44 385 864 
2468 22 85 385 
2469 37 400 1062 
2470 59 3786 6409 
2471 34 687 1983 
2472 43 2293 5241 
2473 36 362 987 
2474 28 248 860 
2475 37 586 1559 
2476 32 216 665 
2477 36 161 439 
2478 40 6996 17448 
2479 31 13072 41900 
2480 33 2942 8783 
2481 34 6913 20287 
2482 27 3484 12715 
2483 40 161 393 
2484 62 3885 6223 
2485 45 15090 33251 
2486 33 3789 11268 
2487 47 3745 7908 
2488 34 16147 47463 
2489 16 276 1641 
2490 30 485 1604 
2491 55 1738 3139 
2492 32 12892 39595 
2493 24 480 1929 
2494 24 228 926 
2495 61 1541 2522 
2496 47 604 1271 
2497 30 1337 4333 
2498 52 3691 7026 
2499 44 3435 7765 
2500 23 513 2217 
2501 44 2297 5139 
2502 32 3754 11503 
2503 41 19518 46511 
2504 40 641 1586 
2505 50 3210 6398 
2506 46 4939 10609 
2507 38 1979 5207 
2508 41 988 2360 
2509 41 7345 17828 
2510 20 372 1779 
2511 28 415 1465 
2512 41 362 879 
2513 26 9964 38079 
2514 21 410 1930 
2515 38 418 1081 
2516 35 6189 17587 
2517 14 27 187 
2518 30 178 579 
2519 13 175 1333 
2520 11 290 2488 
2521 64 7245 11174 
2522 31 302 963 
2523 41 154 370 
2524 47 17924 37657 
2525 20 234 1159 
2526 44 1148 2552 
2527 56 762 1356 
2528 28 20372 70638 
2529 35 180 507 
2530 40 529 1297 
2531 48 6630 13652 
2532 28 133 471 
2533 44 25142 56121 
2534 19 70 357 
2535 37 1668 4474 
2536 41 3841 9256 
2537 46 1307 2791 
2538 47 4501 9426 
2539 26 660 2525 
2540 39 1401 3536 
2541 37 586 1583 
2542 21 68 311 
2543 25 106 423 
2544 17 48 273 
2545 46 3085 6670 
2546 38 2341 6045 
2547 37 339 906 
2548 42 171 405 
2549 27 3250 11813 
2550 30 554 1830 
2551 56 6656 11860 
2552 58 1659 2835 
2553 41 4730 11510 
2554 37 123 330 
2555 60 858 1428 
2556 68 911 1332 
2557 43 154 353 
2558 54 668 1231 
2559 32 7493 23152 
2560 47 4178 8750 
2561 21 261 1237 
2562 36 4307 11771 
2563 34 169 484 
2564 36 1004 2726 
2565 44 972 2175 
2566 32 1600 4989 
2567 39 1127 2871 
2568 39 610 1529 
2569 49 692 1386 
2570 44 1723 3859 
2571 50 394 776 
2572 57 2097 3669 
2573 34 1407 4122 
2574 25 216 852 
2575 30 5363 17741 
2576 27 2602 9337 
2577 33 737 2169 
2578 75 6441 8485 
2579 72 1583 2198 
2580 29 199 679 
2581 34 907 2646 
2582 46 208 446 
2583 66 4238 6417 
2584 47 1755 3689 
2585 50 1162 2307 
2586 50 8115 16163 
2587 32 653 1985 
2588 32 435 1322 
2589 40 222 554 
2590 45 3727 8148 
2591 46 4590 9768 
2592 25 202 779 
2593 41 7544 18037 
2594 40 3692 9041 
2595 23 538 2322 
2596 25 387 1541 
2597 28 432 1494 
2598 30 308 1005 
2599 42 928 2198 
2600 55 301 544 
2601 49 3431 6916 
2602 29 6987 23558 
2603 40 2255 5558 
2604 24 140 571 
2605 51 493 964 
2606 49 4090 8195 
2607 35 1588 4427 
2608 49 4882 9811 
2609 28 528 1862 
2610 42 1769 4211 
2611 29 398 1327 
2612 38 2705 7002 
2613 32 1341 4147 
2614 29 528 1784 
2615 21 318 1479 
2616 49 142 286 
2617 10 37 364 
2618 26 160 598 
2619 47 788 1662 
2620 29 746 2500 
2621 24 63 253 
2622 20 96 478 
2623 27 4946 17836 
2624 34 1831 5238 
2625 57 282 488 
2626 45 1176 2561 
2627 38 799 2053 
2628 38 315 812 
2629 30 1748 5775 
2630 34 317 916 
2631 49 1501 3045 
2632 42 4754 11234 
2633 21 251 1180 
2634 33 87 256 
2635 27 4140 15107 
2636 74 7387 9865 
2637 21 510 2405 
2638 27 143 526 
2639 37 358 947 
2640 38 1168 3031 
2641 60 869 1430 
2642 30 415 1347 
2643 46 2118 4545 
2644 17 171 964 
2645 25 536 2142 
2646 30 1049 3439 
2647 35 359 1025 
2648 28 125 439 
2649 24 1107 4496 
2650 34 56 163 
2651 66 309 465 
2652 32 309 959 
2653 37 5329 14049 
2654 33 1075 3187 
2655 40 65 161 
2656 73 8455 11542 
2657 34 879 2537 
2658 27 447 1621 
2659 41 645 1539 
2660 57 564 980 
2661 47 2219 4657 
2662 36 972 2662 
2663 50 5520 10917 
2664 62 2504 3981 
2665 65 6966 10713 
2666 33 810 2436 
2667 21 151 697 
2668 24 1245 5106 
2669 18 219 1160 
2670 16 305 1827 
2671 32 465 1438 
2672 20 294 1403 
2673 26 1339 5127 
2674 22 977 4304 
2675 39 830 2110 
2676 47 10235 21512 
2677 43 2010 4586 
2678 20 208 1020 
2679 29 488 1663 
2680 37 1784 4731 
2681 55 2424 4384 
2682 26 67 256 
2683 61 778 1261 
2684 61 1543 2491 
2685 76 1737 2267 
2686 39 1441 3662 
2687 28 88 314 
2688 38 1962 5121 
2689 26 5300 19745 
2690 35 195 554 
2691 46 279 598 
2692 24 422 1701 
2693 22 688 3054 
2694 47 725 1511 
2695 39 311 788 
2696 69 2839 4083 
2697 67 391 580 
2698 29 507 1704 
2699 45 1072 2343 
2700 16 105 626 
2701 30 146 485 
2702 27 203 748 
2703 43 451 1046 
2704 45 2477 5481 
2705 52 623 1176 
2706 33 492 1466 
2707 53 4529 8515 
2708 41 217 523 
2709 57 2863 4956 
2710 60 1106 1831 
2711 39 700 1767 
2712 31 517 1638 
2713 37 354 935 
2714 19 422 2208 
2715 34 590 1724 
2716 18 94 496 
2717 22 90 409 
2718 26 3583 13281 
2719 61 5816 9408 
2720 21 488 2303 
2721 62 419 669 
2722 40 994 2450 
2723 38 3592 9220 
2724 28 1638 5660 
2725 20 317 1538 
2726 39 3333 8509 
2727 17 151 884 
2728 27 7613 27383 
2729 18 278 1530 
2730 13 61 451 
2731 13 131 1002 
2732 32 458 1388 
2733 35 244 683 
2734 49 1013 2050 
2735 38 373 968 
2736 28 214 757 
2737 32 523 1589 
2738 47 1256 2652 
2739 54 14383 26547 
2740 45 391 859 
2741 52 389 736 
2742 22 150 670 
2743 32 238 724 
2744 46 598 1285 
2745 39 255 640 
2746 32 190 580 
2747 24 84 343 
2748 31 1351 4329 
2749 33 2714 7987 
2750 38 2000 5153 
2751 56 746 1327 
2752 52 11068 21224 
2753 13 48 360 
2754 29 267 918 
2755 16 50 304 
2756 22 1945 8746 
2757 19 146 767 
2758 22 821 3610 
2759 22 300 1321 
2760 18 268 1476 
2761 31 6820 21498 
2762 26 4984 18498 
2763 27 3531 12752 
2764 25 134 525 
2765 27 141 510 
2766 54 971 1786 
2767 38 354 908 
2768 30 101 331 
2769 39 4149 10460 
2770 52 53 101 
2771 41 2539 6095 
2772 44 862 1924 
2773 35 4485 12741 
2774 40 13006 32221 
2775 28 744 2611 
2776 19 37 194 
2777 30 14435 47782 
2778 38 6942 18039 
2779 15 65 411 
2780 23 1969 8517 
2781 42 870 2056 
2782 45 2689 5975 
2783 27 136 492 
2784 37 635 1679 
2785 30 7470 24741 
2786 38 560 1467 
2787 15 40 262 
2788 39 86 218 
2789 41 186 444 
2790 63 389 612 
2791 21 254 1181 
2792 35 224 636 
2793 27 420 1518 
2794 52 379 721 
2795 46 1018 2192 
2796 27 4416 15942 
2797 29 95 319 
2798 31 133 416 
2799 38 910 2363 
2800 26 2030 7653 
2801 18 66 348 
2802 45 259 569 
2803 45 749 1630 
2804 38 94 242 
2805 36 317 873 
2806 18 41 222 
2807 37 93 246 
2808 23 140 598 
2809 33 339 1024 
2810 29 879 3016 
2811 20 50 246 
2812 56 943 1655 
2813 32 129 395 
2814 23 61 263 
2815 36 424 1168 
2816 25 139 541 
2817 36 1287 3505 
2818 53 852 1598 
2819 17 336 1917 
2820 13 114 837 
2821 18 71 382 
2822 22 163 727 
2823 28 18249 63997 
2824 11 40 353 
2825 45 200 436 
2826 15 2197 14252 
2827 32 560 1709 
2828 48 10591 21623 
2829 28 40 141 
2830 13 138 1021 
2831 36 664 1825 
2832 36 679 1872 
2833 29 3563 11902 
2834 26 194 729 
2835 12 90 740 
2836 28 756 2697 
2837 63 805 1272 
2838 26 905 3448 
2839 14 37 264 
2840 63 6565 10355 
2841 24 114 469 
2842 54 91 168 
2843 26 215 802 
2844 11 136 1151 
2845 31 3420 10814 
2846 41 643 1536 
2847 48 645 1328 
2848 37 289 766 
2849 37 638 1681 
2850 53 618 1149 
2851 34 33 95 
2852 49 95 191 
2853 65 3911 5928 
2854 45 244 531 
2855 46 141 302 
2856 28 250 867 
2857 50 359 714 
2858 23 356 1509 
2859 24 539 2244 
2860 66 1314 1979 
2861 38 169 442 
2862 37 426 1151 
2863 17 28 157 
2864 46 2944 6335 
2865 20 110 542 
2866 44 154 347 
2867 44 602 1368 
2868 24 262 1054 
2869 47 124 262 
2870 41 409 975 
2871 66 4687 7067 
2872 32 961 2991 
2873 40 138 341 
2874 34 114 331 
2875 35 210 592 
2876 54 2161 3995 
2877 45 102 225 
2878 21 45 208 
2879 18 46 243 
2880 17 169 987 
2881 39 176 450 
2882 24 690 2794 
2883 33 300 906 
2884 10 16 146 
2885 26 42 160 
2886 31 4823 15300 
2887 23 1807 7535 
2888 32 1863 5813 
2889 23 249 1069 
2890 30 519 1712 
2891 33 5862 17424 
2892 41 3612 8728 
2893 27 1149 4162 
2894 55 1738 3127 
2895 42 1660 3920 
2896 20 176 869 
2897 41 1041 2479 
2898 17 468 2647 
2899 25 306 1218 
2900 36 199 540 
2901 32 329 999 
2902 43 81 188 
2903 30 70 232 
2904 71 766 1073 
2905 22 56 246 
2906 36 373 1024 
2907 54 1414 2614 
2908 30 947 3083 
2909 58 6685 11375 
2910 28 37 129 
2911 42 51 121 
2912 35 1294 3694 
2913 13 134 1014 
2914 41 4288 10228 
2915 7 184 2393 
2916 21 44 204 
2917 34 1458 4184 
2918 55 1387 2512 
2919 23 126 532 
2920 47 499 1055 
2921 25 370 1478 
2922 29 1015 3384 
2923 41 1454 3535 
2924 44 4423 9950 
2925 37 185 489 
2926 34 1490 4281 
2927 12 72 596 
2928 25 422 1674 
2929 16 36 213 
2930 11 47 426 
2931 27 160 588 
2932 21 889 4202 
2933 24 176 711 
2934 29 734 2492 
2935 45 1461 3227 
2936 8 53 643 
2937 31 461 1452 
2938 34 270 775 
2939 37 807 2164 
2940 45 1569 3465 
2941 50 2532 5040 
2942 33 4631 13844 
2943 33 526 1579 
2944 29 356 1192 
2945 37 3207 8480 
2946 24 345 1422 
2947 35 2252 6355 
2948 62 1670 2672 
2949 22 1771 7910 
2950 5 30 550 
2951 54 825 1510 
2952 45 448 992 
2953 56 277 490 
2954 42 2588 6024 
2955 53 5021 9395 
2956 41 770 1834 
2957 44 246 559 
2958 42 564 1337 
2959 57 1744 3038 
2960 52 2399 4581 
2961 47 586 1246 
2962 33 33 99 
2963 16 14 87 
2964 40 630 1537 
2965 38 10651 27587 
2966 19 363 1891 
2967 15 1153 7613 
2968 13 85 639 
2969 25 847 3258 
2970 24 604 2417 
2971 21 59 271 
2972 26 48 184 
2973 57 1057 1846 
2974 42 234 551 
2975 47 2963 6235 
2976 34 4939 14188 
2977 27 648 2391 
2978 46 900 1919 
2979 46 185 398 
2980 28 336 1181 
2981 5 15 299 
2982 15 620 4091 
2983 31 4471 14272 
2984 23 913 3881 
2985 32 3046 9394 
2986 23 787 3324 
2987 30 3322 11006 
2988 26 121 454 
2989 29 812 2756 
2990 28 85 296 
2991 26 1939 7280 
2992 29 3600 12085 
2993 64 2462 3809 
2994 41 205 494 
2995 26 106 394 
2996 62 3172 5086 
2997 25 214 831 
2998 36 349 952 
2999 15 22 143 
3000 30 331 1080 
3001 50 255 507 
3002 33 1495 4489 
3003 38 710 1827 
3004 27 389 1423 
3005 43 225 518 
3006 49 9743 19497 
3007 28 2508 8845 
3008 31 100 316 
3009 40 9247 22856 
3010 29 248 833 
3011 22 84 375 
3012 41 982 2342 
3013 21 5420 25077 
3014 31 2153 6773 
3015 26 385 1457 
3016 33 416 1260 
3017 30 3293 10792 
3018 28 1098 3887 
3019 33 37 109 
3020 49 4954 10037 
3021 49 378 762 
3022 45 162 358 
3023 44 165 370 
3024 43 125 286 
3025 35 399 1139 
3026 32 5036 15555 
3027 61 533 864 
3028 31 293 937 
3029 38 327 854 
3030 69 9631 13876 
3031 41 39 95 
3032 69 3128 4474 
3033 40 166 409 
3034 29 1187 4039 
3035 31 271 847 
3036 67 1611 2388 
3037 26 1392 5234 
3038 35 639 1808 
3039 36 1303 3537 
3040 40 1820 4541 
3041 54 13024 24034 
3042 41 901 2175 
3043 41 265 633 
3044 46 1384 3000 
3045 37 2171 5776 
3046 36 2353 6382 
3047 46 1025 2219 
3048 38 2685 6895 
3049 63 1473 2313 
3050 66 3086 4640 
3051 47 2888 6129 
3052 35 48 136 
3053 27 238 878 
3054 31 35 110 
3055 46 534 1141 
3056 37 409 1084 
3057 25 839 3354 
3058 49 286 583 
3059 38 75 196 
3060 41 469 1127 
3061 42 7284 17129 
3062 56 9446 16793 
3063 29 252 844 
3064 43 65 149 
3065 22 546 2421 
3066 60 525 874 
3067 26 8113 30146 
3068 44 663 1492 
3069 50 5879 11662 
3070 69 11673 16677 
3071 50 3176 6259 
3072 34 602 1754 
3073 56 606 1065 
3074 36 3818 10603 
3075 43 780 1813 
3076 47 2492 5258 
3077 64 5219 8100 
3078 69 1247 1791 
3079 19 121 636 
3080 44 8526 19167 
3081 34 64 186 
3082 30 294 951 
3083 43 6205 14380 
3084 52 1113 2139 
3085 71 4440 6237 
3086 70 5061 7152 
3087 46 5900 12738 
3088 63 997 1580 
3089 25 20 80 
3090 61 4745 7752 
3091 44 385 863 
3092 47 513 1079 
3093 37 1084 2882 
3094 69 11955 17248 
3095 71 1149 1617 
3096 63 4770 7464 
3097 30 105 341 
3098 46 487 1039 
3099 60 501 831 
3100 53 6668 12493 
3101 22 1409 6206 
3102 24 284 1161 
3103 50 720 1433 
3104 25 4730 18803 
3105 48 572 1191 
3106 30 416 1366 
3107 35 2776 7845 
3108 18 71 394 
3109 28 774 2692 
3110 26 211 806 
3111 25 3017 11681 
3112 43 394 914 
3113 15 30 190 
3114 29 1269 4352 
3115 43 139 316 
3116 27 40 143 
3117 50 4682 9329 
3118 36 95 262 
3119 43 191 442 
3120 41 151 366 
3121 17 229 1291 
3122 32 6315 19334 
3123 45 366 805 
3124 31 657 2089 
3125 51 2835 5495 
3126 55 13122 23741 
3127 35 68 192 
3128 42 1010 2384 
3129 71 806 1125 
3130 54 2160 3989 
3131 33 584 1745 
3132 62 2180 3513 
3133 58 1147 1949 
3134 54 1181 2163 
3135 33 234 700 
3136 28 63 225 
3137 25 264 1021 
3138 49 983 1985 
3139 38 645 1673 
3140 27 3055 10919 
3141 32 644 2012 
3142 11 76 683 
3143 9 21 212 
3144 11 27 241 
3145 24 1455 6049 
3146 49 889 1790 
3147 14 113 765 
3148 31 238 761 
3149 24 108 448 
3150 41 1559 3798 
3151 29 80 272 
3152 23 76 329 
3153 19 28 141 
3154 50 885 1759 
3155 29 2738 9391 
3156 32 431 1333 
3157 28 2163 7631 
3158 42 937 2190 
3159 28 9506 33889 
3160 33 1234 3715 
3161 0 4 461 
3162 24 1064 4313 
3163 18 251 1344 
3164 28 5516 19171 
3165 18 82 437 
3166 27 126 460 
3167 35 1707 4785 
3168 26 679 2536 
3169 48 6076 12641 
3170 41 1008 2454 
3171 34 1280 3744 
3172 27 858 3164 
3173 61 4820 7875 
3174 49 983 2001 
3175 20 970 4667 
3176 66 13543 20447 
3177 41 6895 16524 
3178 29 252 861 
3179 43 470 1075 
3180 59 1399 2370 
3181 37 3020 8062 
3182 49 474 964 
3183 51 1974 3801 
3184 28 503 1750 
3185 39 2793 7062 
3186 52 3476 6607 
3187 57 4600 8024 
3188 36 293 799 
3189 34 2426 7022 
3190 35 2811 8013 
3191 51 2254 4366 
3192 43 892 2071 
3193 34 1108 3245 
3194 58 1726 2967 
3195 29 569 1929 
3196 60 327 537 
3197 38 380 999 
3198 17 119 676 
3199 42 1958 4659 
3200 29 318 1067 
3201 32 253 779 
3202 3 2 51 
3203 4 7 166 
3204 28 2326 8043 
3205 30 273 900 
3206 17 122 694 
3207 36 3917 10652 
3208 48 963 1969 
3209 13 368 2829 
3210 65 4863 7401 
3211 32 3319 10308 
3212 24 377 1562 
3213 35 1258 3592 
3214 22 665 3003 
3215 21 307 1458 
3216 26 1992 7378 
3217 34 377 1097 
3218 15 237 1483 
3219 41 2928 6993 
3220 26 247 933 
3221 54 842 1531 
3222 39 437 1100 
3223 14 110 771 
3224 50 4894 9607 
3225 25 3384 13367 
3226 39 990 2479 
3227 27 447 1636 
3228 35 1242 3496 
3229 27 453 1646 
3230 41 1896 4558 
3231 16 494 2950 
3232 24 1193 4814 
3233 41 10268 24723 
3234 15 16 106 
3235 24 45 184 
3236 7 112 1546 
3237 25 2799 10776 
3238 23 84 363 
3239 36 1395 3830 
3240 15 67 425 
3241 30 736 2444 
3242 30 50 165 
3243 24 2264 9099 
3244 33 971 2898 
3245 28 401 1423 
3246 18 492 2725 
3247 12 24 196 
3248 20 96 477 
3249 23 2722 11482 
3250 34 6865 20047 
3251 20 1064 5188 
3252 40 5873 14615 
3253 32 17621 53484 
3254 52 8987 17014 
3255 35 5822 16509 
3256 41 2394 5818 
3257 39 1153 2922 
3258 41 6813 16229 
3259 37 20837 55805 
3260 30 2154 6977 
3261 44 7368 16687 
3262 40 3300 8178 
3263 45 1100 2395 
3264 46 27092 57846 
3265 39 740 1894 
3266 29 320 1072 
3267 47 5270 11011 
3268 45 11316 24846 
3269 32 599 1859 
3270 39 2997 7618 
3271 25 426 1647 
3272 28 1154 4089 
3273 37 11286 29748 
3274 28 4622 16316 
3275 46 1447 3102 
3276 46 2644 5712 
3277 27 5395 19532 
3278 31 31478 100637 
3279 36 4680 12724 
3280 47 5258 11027 
3281 44 8839 19873 
3282 41 842 2051 
3283 30 961 3177 
3284 26 187 719 
3285 24 222 899 
3286 54 1970 3626 
3287 35 384 1069 
3288 31 354 1131 
3289 18 136 746 
3290 47 421 889 
3291 34 271 776 
3292 44 4536 10202 
3293 11 258 2151 
3294 29 4814 16397 
3295 38 5190 13542 
3296 30 196 634 
3297 41 739 1802 
3298 43 1317 3026 
3299 35 8165 22975 
3300 48 2079 4322 
3301 30 1882 6102 
3302 58 5019 8591 
3303 28 508 1771 
3304 31 5018 15808 
3305 30 94 311 
3306 26 165 628 
3307 41 945 2276 
3308 30 2677 8895 
3309 26 174 656 
3310 46 1105 2356 
3311 54 4545 8337 
3312 41 1010 2451 
3313 38 101 263 
3314 47 477 1006 
3315 34 120 346 
3316 38 506 1327 
3317 39 592 1515 
3318 21 4178 19520 
3319 19 158 827 
3320 34 4849 14143 
3321 30 9504 31615 
3322 32 2031 6192 
3323 20 173 857 
3324 21 171 788 
3325 70 5018 7129 
3326 48 714 1466 
3327 37 604 1616 
3328 37 811 2146 
3329 19 65 334 
3330 33 109 330 
3331 51 2096 4054 
3332 37 998 2633 
3333 29 398 1346 
3334 35 382 1068 
3335 39 2972 7432 
3336 33 99 295 
3337 30 641 2077 
3338 65 867 1318 
3339 25 643 2488 
3340 36 1151 3175 
3341 31 157 496 
3342 35 2364 6677 
3343 32 618 1919 
3344 36 520 1414 
3345 31 1703 5381 
3346 45 348 767 
3347 39 1330 3349 
3348 43 4389 9985 
3349 26 11538 44089 
3350 23 181 761 
3351 26 164 616 
3352 50 6378 12636 
3353 9 52 570 
3354 12 23 189 
3355 17 398 2250 
3356 37 5180 13643 
3357 26 591 2208 
3358 28 1021 3646 
3359 49 529 1062 
3360 22 321 1458 
3361 32 443 1346 
3362 10 12 110 
3363 65 1255 1903 
3364 68 1917 2790 
3365 41 744 1786 
3366 55 2331 4183 
3367 29 1053 3598 
3368 35 7274 20598 
3369 39 622 1567 
3370 36 3231 8975 
3371 31 770 2423 
3372 55 3451 6260 
3373 32 1163 3553 
3374 26 844 3190 
3375 23 881 3693 
3376 18 787 4212 
3377 22 1164 5230 
3378 25 1869 7418 
3379 32 123 380 
3380 28 572 2023 
3381 32 81 251 
3382 19 79 405 
3383 15 12 79 
3384 30 1799 5959 
3385 29 938 3184 
3386 42 1754 4153 
3387 31 51 163 
3388 28 648 2299 
3389 15 94 609 
3390 53 903 1680 
3391 10 160 1552 
3392 25 144 560 
3393 34 673 1930 
3394 31 354 1130 
3395 16 156 973 
3396 33 91 275 
3397 34 74 217 
3398 48 845 1741 
3399 23 741 3103 
3400 36 666 1838 
3401 32 463 1407 
3402 28 249 885 
3403 3 27 726 
3404 41 1764 4286 
3405 21 198 906 
3406 30 969 3174 
3407 47 833 1753 
3408 26 480 1838 
3409 16 296 1758 
3410 29 189 645 
3411 37 2844 7675 
3412 21 435 2070 
3413 29 536 1819 
3414 42 8217 19399 
3415 33 3851 11639 
3416 46 830 1770 
3417 28 1549 5402 
3418 21 176 804 
3419 31 764 2451 
3420 45 2108 4610 
3421 31 2412 7618 
3422 40 4103 10106 
3423 54 340 623 
3424 18 345 1836 
3425 46 1336 2879 
3426 39 184 469 
3427 52 2505 4733 
3428 14 329 2326 
3429 22 377 1708 
3430 32 147 456 
3431 23 398 1687 
3432 44 1319 2960 
3433 32 26 80 
3434 24 280 1148 
3435 44 841 1899 
3436 36 3077 8454 
3437 43 1111 2545 
3438 60 5789 9495 
3439 36 927 2564 
3440 28 1146 4040 
3441 25 231 896 
3442 35 114 325 
3443 30 346 1126 
3444 65 1495 2290 
3445 54 1403 2556 
3446 36 55 149 
3447 22 137 612 
3448 46 249 531 
3449 42 798 1874 
3450 34 2631 7619 
3451 39 174 440 
3452 32 491 1525 
3453 19 161 816 
3454 57 176 304 
3455 38 152 400 
3456 50 496 977 
3457 14 10 70 
3458 61 777 1262 
3459 44 371 825 
3460 45 972 2143 
3461 40 17790 44346 
3462 38 414 1072 
3463 35 3379 9595 
3464 5 23 394 
3465 25 593 2320 
3466 14 34 227 
3467 28 448 1554 
3468 31 37750 121602 
3469 43 10957 25337 
3470 15 313 2083 
3471 14 338 2385 
3472 30 277 894 
3473 25 25 100 
3474 23 24 104 
3475 35 800 2264 
3476 15 518 3331 
3477 14 84 586 
3478 33 53 158 
3479 14 80 539 
3480 49 1588 3206 
3481 43 7550 17528 
3482 22 260 1176 
3483 54 467 856 
3484 29 680 2284 
3485 43 526 1219 
3486 42 841 1987 
3487 42 1317 3095 
3488 54 758 1394 
3489 29 326 1096 
3490 18 43 233 
3491 5 24 430 
3492 24 402 1635 
3493 49 270 548 
3494 36 2660 7383 
3495 23 191 798 
3496 10 11 105 
3497 31 1143 3621 
3498 45 2294 5049 
3499 25 449 1732 
3500 26 112 427 
3501 27 745 2716 
3502 21 170 784 
3503 35 455 1274 
3504 19 573 2957 
3505 61 1144 1860 
3506 30 145 480 
3507 47 4190 8826 
3508 29 1735 5953 
3509 38 791 2030 
3510 27 922 3300 
3511 21 1839 8689 
3512 22 1171 5238 
3513 21 585 2783 
3514 21 178 838 
3515 31 77 243 
3516 12 432 3547 
3517 54 2885 5316 
3518 57 6004 10446 
3519 58 735 1250 
3520 24 87 357 
3521 40 152 379 
3522 53 4704 8830 
3523 22 558 2451 
3524 48 374 771 
3525 44 2523 5667 
3526 28 194 692 
3527 18 119 644 
3528 48 1155 2396 
3529 23 35 150 
3530 14 270 1887 
3531 18 41 223 
3532 32 414 1282 
3533 59 343 575 
3534 12 319 2550 
3535 44 394 889 
3536 39 2252 5725 
3537 39 1553 3975 
3538 25 269 1066 
3539 27 371 1367 
3540 21 21 97 
3541 21 402 1883 
3542 30 267 884 
3543 44 1160 2594 
3544 30 1042 3393 
3545 18 27 149 
3546 35 462 1319 
3547 27 100 363 
3548 30 184 595 
3549 14 49 350 
3550 38 252 657 
3551 19 25 128 
3552 27 65 240 
3553 59 288 481 
3554 25 334 1285 
3555 21 101 461 
3556 24 67 276 
3557 25 413 1613 
3558 48 132 274 
3559 10 50 500 
3560 18 37 197 
3561 40 974 2391 
3562 35 177 495 
3563 6 12 187 
3564 18 29 154 
3565 31 2166 6906 
3566 44 871 1961 
3567 32 341 1055 
3568 52 73 140 
3569 19 124 647 
3570 21 119 559 
3571 28 107 376 
3572 49 348 701 
3573 24 333 1382 
3574 56 115 202 
3575 16 39 240 
3576 26 505 1883 
3577 8 105 1251 
3578 12 81 642 
3579 34 2951 8461 
3580 31 5311 16852 
3581 22 1707 7553 
3582 2 8 373 
3583 14 138 964 
3584 22 62 271 
3585 24 505 2104 
3586 26 78 289 
3587 17 607 3396 
3588 25 358 1383 
3589 71 5305 7410 
3590 33 727 2188 
3591 9 28 284 
3592 22 1601 7038 
3593 27 444 1592 
3594 26 718 2720 
3595 36 252 682 
3596 28 86 307 
3597 53 738 1370 
3598 22 236 1050 
3599 36 102 276 
3600 38 1237 3239 
3601 30 683 2208 
3602 43 551 1268 
3603 29 73 247 
3604 25 2304 9002 
3605 41 510 1216 
3606 42 220 522 
3607 16 196 1199 
3608 29 3324 11315 
3609 37 363 964 
3610 31 63 201 
3611 40 47 117 
3612 34 1164 3341 
3613 39 3170 8075 
3614 34 3362 9671 
3615 44 3697 8375 
3616 42 4643 11019 
3617 26 7319 27121 
3618 48 2258 4661 
3619 47 4529 9630 
3620 52 4486 8538 
3621 34 3680 10747 
3622 37 866 2329 
3623 34 2040 5877 
3624 43 18114 41801 
3625 28 3395 11909 
3626 57 1930 3383 
3627 49 4465 8946 
3628 44 4920 11093 
3629 39 1657 4231 
3630 29 9213 31383 
3631 34 423 1242 
3632 61 4958 8117 
3633 34 306 882 
3634 34 57 166 
3635 32 2470 7623 
3636 27 2368 8636 
3637 58 3035 5230 
3638 44 561 1251 
3639 35 910 2586 
3640 31 889 2840 
3641 43 4740 10987 
3642 20 163 811 
3643 28 294 1015 
3644 33 148 445 
3645 26 688 2616 
3646 49 2056 4194 
3647 22 158 713 
3648 30 3342 10900 
3649 41 248 598 
3650 67 5331 7920 
3651 30 25 83 
3652 57 1554 2705 
3653 42 720 1684 
3654 59 676 1136 
3655 39 97 246 
3656 40 711 1746 
3657 26 688 2578 
3658 33 705 2087 
3659 35 2536 7073 
3660 55 7462 13404 
3661 37 2721 7236 
3662 36 2767 7640 
3663 39 6008 15101 
3664 52 4926 9406 
3665 36 2435 6719 
3666 46 3835 8191 
3667 43 8056 18505 
3668 37 2699 7210 
3669 26 5816 22363 
3670 48 3060 6324 
3671 42 3604 8571 
3672 53 4546 8480 
3673 69 9567 13677 
3674 22 546 2438 
3675 27 1086 3895 
3676 22 16 71 
3677 15 93 584 
3678 37 3958 10675 
3679 32 73 228 
3680 42 3676 8608 
3681 30 1023 3384 
3682 31 1025 3253 
3683 34 3645 10710 
3684 35 989 2769 
3685 29 2210 7449 
3686 41 2344 5663 
3687 29 4405 15071 
3688 33 402 1193 
3689 8 105 1214 
3690 20 1298 6464 
3691 46 3307 7119 
3692 49 3646 7389 
3693 30 3344 10848 
3694 37 3999 10724 
3695 29 1188 4017 
3696 26 1458 5479 
3697 30 1530 4973 
3699 29 741 2473 
3700 24 1095 4497 
3701 17 47 274 
3702 42 626 1474 
3703 19 126 659 
3704 15 75 495 
3705 32 1053 3264 
3706 29 59 198 
3707 6 21 347 
3708 27 338 1249 
3709 32 1958 5992 
3710 31 766 2394 
3711 16 314 1906 
3712 23 208 895 
3713 27 817 2975 
3714 28 4054 14166 
3715 27 949 3502 
3716 65 1096 1676 
3717 28 145 512 
3718 38 172 445 
3719 31 298 942 
3720 41 1607 3906 
3721 16 106 636 
3722 4 19 407 
3723 34 5159 14843 
3724 20 688 3277 
3725 21 648 2964 
3726 43 296 673 
3727 15 168 1080 
3728 34 1818 5291 
3729 30 634 2086 
3730 20 79 381 
3731 32 639 1981 
3732 20 183 913 
3733 15 79 497 
3734 48 3484 7179 
3735 24 3674 14836 
3736 37 542 1454 
3737 38 3417 8867 
3738 18 134 721 
3739 28 492 1748 
3740 27 5124 18672 
3741 21 270 1273 
3742 27 744 2675 
3743 25 150 581 
3744 29 2844 9744 
3745 5 13 228 
3746 39 310 777 
3747 24 387 1584 
3748 40 3822 9481 
3749 60 6020 9915 
3750 44 6920 15530 
3751 45 3905 8549 
3752 37 3227 8560 
3753 23 1155 4983 
3754 44 326 728 
3755 18 69 376 
3756 34 405 1190 
3757 18 398 2166 
3758 10 51 490 
3759 37 90 240 
3760 23 491 2063 
3761 34 990 2882 
3762 27 738 2726 
3763 29 395 1326 
3764 21 1599 7556 
3765 52 527 1013 
3766 24 211 859 
3767 42 1529 3567 
3768 27 1214 4452 
3769 31 46 145 
3770 14 24 166 
3771 25 245 943 
3772 45 61 135 
3773 63 130 206 
3774 35 112 312 
3775 29 82 276 
3776 48 225 461 
3777 33 59 174 
3778 34 246 705 
3779 30 148 492 
3780 1 6 373 
3781 65 1386 2116 
3782 71 666 936 
3783 65 674 1032 
3784 48 917 1880 
3785 68 843 1224 
3786 83 504 603 
3787 61 302 494 
3788 65 175 267 
3789 69 385 553 
3790 72 489 674 
3791 31 99 314 
3792 44 119 265 
3793 51 45 88 
3794 22 98 432 
3795 68 126 185 
3796 54 24 44 
3797 68 334 487 
3798 23 38 159 
3799 14 21 150 
3800 75 1711 2269 
3801 83 681 812 
3802 65 268 409 
3803 43 253 587 
3804 44 58 129 
3805 40 199 495 
3806 33 12 36 
3807 33 31 93 
3808 46 138 295 
3809 44 108 245 
3810 23 6 26 
3811 27 74 274 
3812 11 55 499 
3813 25 172 670 
3814 21 247 1172 
3815 27 222 815 
3816 14 57 406 
3817 35 270 771 
3818 33 110 327 
3819 23 95 410 
3820 26 212 813 
3821 22 128 563 
3822 23 21 90 
3823 30 52 172 
3824 49 74 151 
3825 17 45 264 
3826 20 28 139 
3827 28 102 358 
3828 17 22 129 
3829 35 150 423 
3830 30 52 169 
3831 32 210 638 
3832 25 234 913 
3833 17 22 123 
3834 17 45 254 
3835 28 250 885 
3836 40 94 232 
3842 39 690 1743 
3843 8 51 591 
3844 35 964 2722 
3845 39 157 396 
3846 38 132 343 
3847 27 213 784 
3848 32 60 185 
3849 51 178 344 
3850 31 224 713 
3851 12 37 304 
3852 53 575 1074 
3853 22 184 836 
3854 53 118 221 
3855 57 166 290 
3856 65 210 321 
3857 25 37 143 
3858 50 59 116 
3859 31 56 177 
3860 27 95 340 
3861 12 32 258 
3862 35 214 604 
3863 38 760 1954 
3865 18 286 1580 
3866 43 64 146 
3867 31 101 319 
3868 23 77 333 
3869 57 281 489 
3870 23 163 697 
3871 19 48 247 
3872 19 34 178 
3873 24 225 904 
3874 40 120 294 
3875 39 87 218 
3876 36 41 113 
3877 50 16 32 
3878 18 205 1114 
3879 18 44 241 
3880 52 22 42 
3881 60 159 261 
3882 24 291 1180 
3883 30 41 135 
3884 24 23 94 
3885 23 11 47 
3886 49 167 335 
3887 15 45 283 
3888 40 58 144 
3889 36 163 449 
3890 17 44 252 
3892 28 156 554 
3893 34 196 575 
3894 41 265 638 
3895 36 617 1705 
3896 43 56 129 
3897 24 394 1609 
3898 29 114 387 
3899 31 115 370 
3900 12 275 2227 
3901 37 39 104 
3902 39 111 281 
3903 34 2538 7259 
3904 33 990 2950 
3905 37 591 1557 
3906 17 84 488 
3907 55 614 1114 
3908 32 277 848 
3909 33 237 713 
3910 49 266 538 
3911 48 329 677 
3912 18 116 612 
3913 65 1758 2693 
3914 70 218 310 
3915 36 101 273 
3916 69 1339 1925 
3917 61 1038 1678 
3918 31 13 41 
3919 53 63 117 
3920 64 178 274 
3921 31 761 2401 
3922 49 299 600 
3923 32 475 1453 
3924 28 81 283 
3925 37 636 1679 
3926 21 228 1081 
3927 34 292 850 
3928 35 1291 3604 
3929 26 85 322 
3930 23 39 169 
3931 54 45 82 
3932 8 23 279 
3933 61 30 49 
3934 44 263 585 
3935 16 18 112 
3937 15 21 138 
3939 11 9 80 
3940 50 148 295 
3941 50 123 243 
3942 57 51 89 
3943 43 29 66 
3944 59 66 111 
3945 53 44 83 
3946 24 57 229 
3947 45 19 42 
3948 30 19 63 
3949 25 17 67 
3959 35 319 890 
3960 29 65 217 
3961 10 22 216 
3962 20 189 938 
3963 22 216 967 
3964 31 91 288 
3966 25 45 178 
3967 13 290 2154 
3968 20 214 1021 
3969 14 105 714 
3970 38 505 1312 
3971 56 217 385 
3972 24 63 259 
3973 47 54 113 
3974 38 3950 10298 
3975 31 61 194 
3976 33 37 112 
3977 18 1008 5384 
3978 38 1603 4136 
3979 30 4877 15750 
3980 59 7203 12095 
3981 46 5492 11776 
3982 45 3719 8199 
3983 60 3204 5298 
3984 58 15069 25875 
3985 18 226 1207 
3986 52 210 401 
3987 18 273 1452 
3988 28 340 1196 
3989 47 272 569 
3990 23 195 835 
3991 46 657 1416 
3992 30 259 861 
3993 37 259 684 
3994 69 1270 1840 
3995 17 157 875 
3996 31 192 608 
3997 24 197 806 
3998 37 100 264 
3999 20 164 814 
4000 25 217 868 
4001 25 426 1694 
4002 29 257 872 
4003 31 179 566 
4004 19 13 67 
4005 13 80 608 
4006 34 122 350 
4007 35 137 388 
4008 17 42 236 
4009 17 18 102 
4010 32 49 150 
4011 52 987 1869 
4012 18 257 1417 
4013 4 11 255 
4014 35 396 1122 
4015 1 1 83 
4016 41 305 742 
4017 2 2 68 
4018 25 97 375 
4019 35 60 171 
4020 31 219 688 
4021 6 22 331 
4022 46 328 703 
4023 46 149 321 
4024 6 5 74 
4025 17 86 489 
4026 27 98 351 
4027 0 0 80 
4028 43 136 310 
4029 0 0 31 
4031 1 14 705 
4032 0 0 260 
4033 7 6 76 
4034 28 20 71 
4035 3 3 92 
4036 0 0 158 
4037 11 31 278 
4038 35 19 53 
4039 25 52 205 
4040 11 38 336 
4041 44 44 99 
4042 35 54 153 
4043 25 62 246 
4044 39 612 1560 
4045 40 614 1521 
4046 21 650 2958 
4047 37 653 1759 
4048 29 400 1373 
4049 23 219 918 
4050 17 56 326 
4051 22 45 197 
4052 26 534 1992 
4053 5 6 108 
4054 1 2 144 
